waypoints:
- latitude: 21.2970222
  longitude: -157.8170478
  yaw: 0.0
